50
-5
5
21
0
200
0.0267344	0.0217403	0.0377995	0.037915	0.0380044	0.0362333	0.0363603	0.0413037	0.0387243	0.0474011	0.0416204	0.0417072	0.0463838	0.0556719	0.0564039	0.0486696	0.0262075	0.0256	0.0229138	0.0197416	0.0252615	0.0228128	0.0255406	0.0274648	0.0221181	0.0271699	0.0258753	0.022694	0.0224789	0.024478	0.0236304	0.0280496	0.0267327	0.0295502	0.0519109	0.0567081	0.0461996	0.0489872	0.0341631	0.0485842	0.0439647	0.0381987	0.0398777	0.0398635	0.0389206	0.0398037	0.0369221	0.0268431	0.0280053	0.0382374	
0.0345674	0.0313523	0.0307231	0.0283131	0.0283186	0.0277315	0.0312207	0.032001	0.0315888	0.0285138	0.0330859	0.0331573	0.0308663	0.0339602	0.0367246	0.0394247	0.0188514	0.017386	0.0214816	0.0174194	0.0198783	0.0154853	0.020154	0.019674	0.0177331	0.0172116	0.0204563	0.0202964	0.0209812	0.0209428	0.0178501	0.0209439	0.0170698	0.0262394	0.042334	0.0352435	0.0364369	0.0337127	0.0359712	0.031142	0.0327034	0.029016	0.0312102	0.0260165	0.0283686	0.0290011	0.0305911	0.0293118	0.0331413	0.0400699	
0.0374919	0.0301034	0.0302084	0.0262291	0.0244753	0.0214353	0.0197272	0.01645	0.0178901	0.0160242	0.0299196	0.0275135	0.0224085	0.0262154	0.0272424	0.0340577	0.0143564	0.0109127	0.0117677	0.0123406	0.00993377	0.0131979	0.0110897	0.00925096	0.0103879	0.00881272	0.0102593	0.0114071	0.00924236	0.00927957	0.00999036	0.0131558	0.011437	0.0151727	0.0272033	0.0230584	0.026806	0.0288809	0.0276455	0.0251436	0.0206291	0.0169227	0.0171733	0.0200635	0.0223508	0.0211213	0.0258888	0.0300566	0.0323243	0.0378165	
0.0299641	0.0267689	0.0268451	0.0221743	0.0236837	0.0183087	0.0185058	0.0164824	0.0145926	0.0167198	0.0261401	0.021924	0.0148578	0.0171773	0.0208884	0.0211094	0.00982531	0.00732512	0.00746522	0.00669361	0.00765191	0.00825224	0.00696794	0.00622426	0.00726234	0.00643084	0.0064126	0.00851912	0.00736473	0.00840498	0.00645108	0.00823145	0.00819431	0.0102471	0.0226377	0.0185465	0.019334	0.0195117	0.0194757	0.0254014	0.0119681	0.0138265	0.0160197	0.016097	0.0201326	0.0225617	0.0221091	0.0257421	0.0285459	0.0301099	
0.0282698	0.0232367	0.0209608	0.0203642	0.0201531	0.0174054	0.0148404	0.0123853	0.0129501	0.0101465	0.0200352	0.0160199	0.0148227	0.0166628	0.0136214	0.0171582	0.00826382	0.00571573	0.00689759	0.00664682	0.00531897	0.00805502	0.00565409	0.00613448	0.00645427	0.00733798	0.00581421	0.00745981	0.00670887	0.00748998	0.00540054	0.00560701	0.00615961	0.00960842	0.0149871	0.0138275	0.0154192	0.0144632	0.0188152	0.0229068	0.0113193	0.0131967	0.0125213	0.0147337	0.01657	0.0192974	0.0223392	0.0228252	0.0265239	0.0278731	
0.026744	0.0246894	0.0211287	0.0192205	0.0167469	0.0172574	0.0134773	0.0121032	0.0103293	0.0106399	0.0193403	0.0160425	0.0126265	0.012599	0.0119957	0.0146005	0.00929041	0.00678052	0.00535866	0.00578956	0.00568531	0.0056012	0.00490879	0.00566328	0.00600917	0.00399959	0.00522719	0.0052549	0.0049114	0.005004	0.00533599	0.00544334	0.00515758	0.0101051	0.0140008	0.0114285	0.0117636	0.0104226	0.0125114	0.0188033	0.00997203	0.0105835	0.0111489	0.0128941	0.0155723	0.0170271	0.0191574	0.0229667	0.023216	0.0252425	
0.0243273	0.0219442	0.0207908	0.0180344	0.0146544	0.0143172	0.0140033	0.00981973	0.00968154	0.0109687	0.0173459	0.0151977	0.0111368	0.0108341	0.0101866	0.0141992	0.00638581	0.00447853	0.00533008	0.00540404	0.00456722	0.0053397	0.00572248	0.00485903	0.00512869	0.00518949	0.0055278	0.00529971	0.00500805	0.00471077	0.00496366	0.00526076	0.00427694	0.00738441	0.0114828	0.0097725	0.0110458	0.012657	0.0136604	0.0185441	0.00952482	0.0102055	0.012124	0.0121432	0.0125685	0.0149967	0.0190031	0.0203857	0.0220661	0.0247346	
0.0237951	0.0187177	0.0176151	0.017024	0.0141813	0.0128262	0.0123236	0.0118982	0.00966081	0.00878461	0.0160546	0.0120274	0.0119953	0.0104197	0.00883327	0.0119694	0.00583278	0.0038645	0.00333088	0.00465567	0.00429877	0.00447962	0.00383404	0.00384087	0.00561821	0.00464628	0.00515224	0.00530854	0.00363351	0.00470955	0.00454253	0.00530601	0.00568482	0.00645263	0.0118219	0.00964295	0.0114852	0.00865172	0.0124871	0.0173964	0.00907403	0.00908505	0.0109505	0.0115876	0.0131417	0.0141542	0.016085	0.0161542	0.0202212	0.0214698	
0.0206881	0.0182948	0.0151922	0.0152656	0.0114665	0.0116638	0.011101	0.00996304	0.00824244	0.00809742	0.0141784	0.0101556	0.00858301	0.009156	0.00766187	0.0112719	0.00629531	0.00455781	0.00448204	0.00422259	0.00503135	0.00405818	0.00442954	0.0041227	0.00410104	0.00436592	0.00485828	0.00466409	0.00364104	0.00487941	0.00495637	0.0055465	0.00417065	0.00593278	0.0100457	0.00827584	0.00867624	0.0099328	0.0118679	0.0166858	0.00910869	0.00985589	0.0102506	0.0106084	0.0117797	0.0130363	0.0167463	0.0171343	0.017897	0.0196823	
0.0236604	0.0168136	0.0156902	0.0142872	0.0126245	0.0106648	0.0104403	0.00913805	0.0070965	0.00851353	0.0146936	0.0107491	0.00806918	0.00917207	0.00785274	0.00973194	0.00554511	0.00456929	0.00412099	0.00366985	0.00442798	0.00413248	0.00476719	0.00485925	0.00319965	0.00370236	0.00382592	0.00398483	0.00326129	0.00399064	0.00416875	0.00380982	0.00437149	0.00608459	0.009706	0.00843335	0.0087174	0.00875821	0.0119232	0.0132247	0.00750988	0.00854171	0.0088261	0.0099674	0.011636	0.0122192	0.0153377	0.0163924	0.0152482	0.018401	
0.0206553	0.0165507	0.0142652	0.013645	0.0119563	0.0114157	0.0102996	0.00873822	0.00827978	0.00684177	0.0124811	0.0102936	0.00900592	0.00881273	0.00648087	0.0107084	0.00573059	0.00358145	0.00458054	0.00362493	0.00395021	0.00408949	0.0036684	0.00435575	0.00344252	0.00319478	0.00346981	0.00433073	0.00372113	0.00415823	0.0032317	0.00374519	0.00344071	0.00423234	0.00954088	0.00705417	0.00736654	0.00875805	0.0100912	0.0133469	0.00763023	0.0089288	0.00909837	0.0100047	0.010322	0.0112116	0.0135098	0.0156509	0.0151872	0.0196632	
0.0179099	0.0156487	0.0144661	0.0127884	0.0103051	0.0111354	0.0089045	0.00916362	0.00878352	0.0070146	0.0136079	0.0112035	0.00979463	0.00833214	0.00727611	0.00974748	0.00555007	0.00351648	0.00437002	0.00373368	0.00364908	0.00373052	0.00401127	0.00445648	0.00415448	0.00375897	0.00396601	0.00325643	0.0039343	0.00377405	0.0035911	0.0031889	0.00362565	0.00481938	0.00947003	0.00561916	0.00690322	0.00833197	0.0102268	0.0121673	0.0078363	0.00864428	0.00786627	0.00996953	0.00935703	0.0110775	0.0129128	0.0123113	0.0149593	0.0191846	
0.018562	0.0144329	0.0134808	0.011929	0.0112114	0.010511	0.00983806	0.00897029	0.00756405	0.00731871	0.0121666	0.00883646	0.00879962	0.00871599	0.00702572	0.00894501	0.00522564	0.00405331	0.00355896	0.00397221	0.0039705	0.00355201	0.00297066	0.00381873	0.00361011	0.00369117	0.00407698	0.00392004	0.00367863	0.00323593	0.00386077	0.00428736	0.00291365	0.00497523	0.00795435	0.00718389	0.00729064	0.00890959	0.0107147	0.0109826	0.00621497	0.00707365	0.00850861	0.00952813	0.00988904	0.0104777	0.0123802	0.0130234	0.0162344	0.0163124	
0.0167715	0.0144212	0.0129765	0.012343	0.0111394	0.00943481	0.00855865	0.00792423	0.00729543	0.00764144	0.0106455	0.00991105	0.00796006	0.00845355	0.0064912	0.0113552	0.00495558	0.00360231	0.00369311	0.00418501	0.00338998	0.00343892	0.0036107	0.00333723	0.00347165	0.00407075	0.00292773	0.0037183	0.00383003	0.0025767	0.00451737	0.00405497	0.00340388	0.00501021	0.00948323	0.00720808	0.00774466	0.010074	0.0102571	0.0126462	0.00749613	0.0062365	0.0082884	0.00844678	0.00929949	0.0110103	0.0116508	0.0141748	0.0140404	0.0171509	
0.0167831	0.0131124	0.0127708	0.0107948	0.0105505	0.00949119	0.00919587	0.00848156	0.00624308	0.00641402	0.0106115	0.00927067	0.00730358	0.00757865	0.00801373	0.00776741	0.00433417	0.00419912	0.00345836	0.00328808	0.003161	0.00376023	0.00328094	0.00287222	0.00334989	0.00406679	0.00307798	0.00319627	0.00375502	0.00378816	0.00328643	0.00362874	0.00341446	0.00460877	0.00737209	0.00615519	0.00744026	0.0086664	0.00882623	0.0102011	0.00700865	0.00736088	0.00751726	0.00881379	0.00883626	0.010457	0.0116755	0.0130126	0.0120277	0.0166698	
0.0152534	0.0137876	0.0124432	0.012213	0.010255	0.00900902	0.00900015	0.00724034	0.00782504	0.00621416	0.0110063	0.00741459	0.00742507	0.00828889	0.0060979	0.00746776	0.00305787	0.00318471	0.00396526	0.00358337	0.00410535	0.00355017	0.00342654	0.00281545	0.0036121	0.00299624	0.00361292	0.00380492	0.00299453	0.00390925	0.00324124	0.0030953	0.00404164	0.00437089	0.00893115	0.00672654	0.00561298	0.00958216	0.00777383	0.00971951	0.00687384	0.0070569	0.00780788	0.0085696	0.00954689	0.0102614	0.0131118	0.0126675	0.0132714	0.0162598	
0.0140916	0.012441	0.0111239	0.0113322	0.0095112	0.00805232	0.00881587	0.00845037	0.00650135	0.00711555	0.0103124	0.00931941	0.00738554	0.00686162	0.00626687	0.00783536	0.00479456	0.00287756	0.00349549	0.0033693	0.00345001	0.00301487	0.00347845	0.00352277	0.00347355	0.00335165	0.00288026	0.00374614	0.00313131	0.00338837	0.00348893	0.00347396	0.00360654	0.00461187	0.00749818	0.00721159	0.00705584	0.00707782	0.00860958	0.010448	0.00542409	0.00658437	0.0070278	0.00749325	0.00910452	0.00945339	0.0120686	0.0107904	0.0125447	0.0148337	
0.0141056	0.012414	0.0114532	0.0107008	0.00927751	0.0089904	0.00874652	0.00685922	0.00693801	0.00648363	0.00919395	0.00985557	0.00722407	0.00699545	0.00655069	0.00671375	0.00444353	0.00328193	0.00366338	0.00297585	0.00297351	0.00334719	0.00228785	0.00283534	0.00345776	0.00324405	0.00315209	0.00366953	0.00323844	0.00281626	0.00338144	0.00245317	0.00410981	0.00489586	0.00723032	0.00637269	0.00662583	0.00736475	0.00855483	0.00986672	0.00662028	0.00710727	0.00686889	0.00746591	0.00939689	0.00980556	0.0111517	0.0125036	0.0129301	0.015478	
0.0156348	0.0137732	0.0121051	0.0103739	0.00973801	0.0083759	0.00809749	0.00780214	0.00768809	0.00594974	0.0107066	0.0087279	0.00830376	0.00660641	0.00636828	0.00789944	0.00454531	0.00365083	0.00335563	0.00321202	0.00313186	0.00389429	0.00325781	0.0030605	0.00347604	0.00336197	0.00348536	0.00363731	0.00346089	0.00323096	0.0028198	0.00335072	0.00364599	0.0049258	0.0071262	0.00641712	0.00630783	0.00747136	0.00847475	0.0111584	0.00629234	0.00662938	0.00737921	0.00823076	0.00850176	0.00976342	0.0109729	0.0115455	0.0120198	0.0136577	
0.0132658	0.0120286	0.0107478	0.0100201	0.0107457	0.0087299	0.00741503	0.00686891	0.00737726	0.00565697	0.0100999	0.00799271	0.00631444	0.00701842	0.00653859	0.00736615	0.00444969	0.00362109	0.00365185	0.00317768	0.00290871	0.00343769	0.00306063	0.00333533	0.00325148	0.00327927	0.00402862	0.00330023	0.00298102	0.0030958	0.00319126	0.00341639	0.00311436	0.00434709	0.00742813	0.00711567	0.00787427	0.00661736	0.00701419	0.0104469	0.00739272	0.00690082	0.00767715	0.0084612	0.00971736	0.00884952	0.0102975	0.0109242	0.012656	0.014835	
0.0144882	0.0127284	0.0109798	0.0111134	0.00932415	0.00928029	0.00937488	0.00683624	0.00735002	0.00682277	0.00866157	0.00822921	0.00729736	0.00680215	0.00552078	0.00767212	0.00425271	0.00309378	0.00334251	0.00348391	0.0028576	0.00256461	0.00401043	0.00320293	0.00334683	0.00313639	0.00289404	0.00371326	0.00308146	0.00304272	0.00310675	0.00348138	0.00273865	0.00399814	0.00701653	0.00593026	0.00561533	0.00752531	0.00897267	0.00902118	0.00614909	0.00707759	0.00849212	0.00845429	0.00907672	0.0105505	0.010916	0.0111421	0.0109903	0.0138645	
